{
 "cells": [
  {
   "cell_type": "code",
   "execution_count": 1,
   "id": "dd3f2f9c-875f-4e36-95f0-95dbb828ee80",
   "metadata": {},
   "outputs": [],
   "source": [
    "#import\n",
    "import pandas as pd\n",
    "import numpy as np"
   ]
  },
  {
   "cell_type": "code",
   "execution_count": 17,
   "id": "a7644ed0-f236-4f83-8f97-02048f2f34c0",
   "metadata": {},
   "outputs": [
    {
     "name": "stdout",
     "output_type": "stream",
     "text": [
      "학과별(1)           전체계   전체ICT학과  전체ICT관련학과  전체비ICT학과      전문대계  전문대ICT학과  \\\n",
      "학과별(1)                                                                    \n",
      "전체계         1.000000  0.987745   0.208494  0.794418 -0.001908 -0.081794   \n",
      "전체ICT학과     0.987745  1.000000   0.355059  0.878360  0.152268  0.073608   \n",
      "전체ICT관련학과   0.208494  0.355059   1.000000  0.756418  0.975899  0.945311   \n",
      "전체비ICT학과    0.794418  0.878360   0.756418  1.000000  0.604669  0.539353   \n",
      "전문대계       -0.001908  0.152268   0.975899  0.604669  1.000000  0.990968   \n",
      "전문대ICT학과   -0.081794  0.073608   0.945311  0.539353  0.990968  1.000000   \n",
      "전문대ICT관련학과 -0.707070 -0.643529   0.242132 -0.352890  0.383070  0.377191   \n",
      "전문대비ICT학과  -0.696322 -0.603470   0.419620 -0.226950  0.567112  0.573958   \n",
      "대학교계        0.995413  0.997738   0.300437  0.848687  0.093106  0.013217   \n",
      "대학교ICT학과    0.941136  0.982257   0.521841  0.952048  0.334013  0.259319   \n",
      "대학교ICT관련학과 -0.175520 -0.022801   0.925180  0.453702  0.982666  0.980714   \n",
      "대학교비ICT학과   0.421921  0.556054   0.973494  0.885065  0.905500  0.863822   \n",
      "대학원계        0.683615  0.788884   0.841373  0.983365  0.720699  0.669865   \n",
      "대학원ICT학과    0.035111  0.189526   0.975240  0.634380  0.995515  0.992941   \n",
      "대학원ICT관련학과 -0.289392 -0.138189   0.856328  0.348574  0.945825  0.976355   \n",
      "대학원비ICT학과  -0.024142  0.130550   0.946780  0.583146  0.983490  0.995726   \n",
      "\n",
      "학과별(1)      전문대ICT관련학과  전문대비ICT학과      대학교계  대학교ICT학과  대학교ICT관련학과  대학교비ICT학과  \\\n",
      "학과별(1)                                                                         \n",
      "전체계          -0.707070  -0.696322  0.995413  0.941136   -0.175520   0.421921   \n",
      "전체ICT학과      -0.643529  -0.603470  0.997738  0.982257   -0.022801   0.556054   \n",
      "전체ICT관련학과     0.242132   0.419620  0.300437  0.521841    0.925180   0.973494   \n",
      "전체비ICT학과     -0.352890  -0.226950  0.848687  0.952048    0.453702   0.885065   \n",
      "전문대계          0.383070   0.567112  0.093106  0.334013    0.982666   0.905500   \n",
      "전문대ICT학과      0.377191   0.573958  0.013217  0.259319    0.980714   0.863822   \n",
      "전문대ICT관련학과    1.000000   0.971196 -0.672528 -0.550718    0.536031   0.040161   \n",
      "전문대비ICT학과     0.971196   1.000000 -0.643075 -0.475260    0.705382   0.213402   \n",
      "대학교계         -0.672528  -0.643075  1.000000  0.968675   -0.081762   0.506351   \n",
      "대학교ICT학과     -0.550718  -0.475260  0.968675  1.000000    0.162687   0.701061   \n",
      "대학교ICT관련학과    0.536031   0.705382 -0.081762  0.162687    1.000000   0.815857   \n",
      "대학교비ICT학과     0.040161   0.213402  0.506351  0.701061    0.815857   1.000000   \n",
      "대학원계         -0.249934  -0.098654  0.749064  0.889934    0.583343   0.942017   \n",
      "대학원ICT학과      0.307998   0.503880  0.129927  0.370290    0.966225   0.917366   \n",
      "대학원ICT관련학과    0.479206   0.672427 -0.197362  0.049649    0.969586   0.735564   \n",
      "대학원비ICT학과     0.294609   0.500764  0.070228  0.313512    0.958726   0.881675   \n",
      "\n",
      "학과별(1)          대학원계  대학원ICT학과  대학원ICT관련학과  대학원비ICT학과  \n",
      "학과별(1)                                                 \n",
      "전체계         0.683615  0.035111   -0.289392  -0.024142  \n",
      "전체ICT학과     0.788884  0.189526   -0.138189   0.130550  \n",
      "전체ICT관련학과   0.841373  0.975240    0.856328   0.946780  \n",
      "전체비ICT학과    0.983365  0.634380    0.348574   0.583146  \n",
      "전문대계        0.720699  0.995515    0.945825   0.983490  \n",
      "전문대ICT학과    0.669865  0.992941    0.976355   0.995726  \n",
      "전문대ICT관련학과 -0.249934  0.307998    0.479206   0.294609  \n",
      "전문대비ICT학과  -0.098654  0.503880    0.672427   0.500764  \n",
      "대학교계        0.749064  0.129927   -0.197362   0.070228  \n",
      "대학교ICT학과    0.889934  0.370290    0.049649   0.313512  \n",
      "대학교ICT관련학과  0.583343  0.966225    0.969586   0.958726  \n",
      "대학교비ICT학과   0.942017  0.917366    0.735564   0.881675  \n",
      "대학원계        1.000000  0.751302    0.498229   0.710960  \n",
      "대학원ICT학과    0.751302  1.000000    0.943918   0.993889  \n",
      "대학원ICT관련학과  0.498229  0.943918    1.000000   0.963426  \n",
      "대학원비ICT학과   0.710960  0.993889    0.963426   1.000000  \n",
      "['전체계', '전체ICT학과', '전체ICT관련학과', '전체비ICT학과', '전문대계', '전문대ICT학과', '전문대ICT관련학과', '전문대비ICT학과', '대학교계', '대학교ICT학과', '대학교ICT관련학과', '대학교비ICT학과', '대학원계', '대학원ICT학과', '대학원ICT관련학과', '대학원비ICT학과']\n",
      "\n",
      "['대학교비ICT학과', '대학교계', '전체계', '전체ICT관련학과', '전체비ICT학과', '대학원계', '대학교ICT관련학과', '대학원ICT관련학과', '전체ICT학과', '전문대ICT관련학과', '대학원비ICT학과', '전문대계', '대학교ICT학과', '전문대비ICT학과', '대학원ICT학과', '전문대ICT학과']\n"
     ]
    },
    {
     "name": "stderr",
     "output_type": "stream",
     "text": [
      "C:\\Users\\Public\\Documents\\ESTsoft\\CreatorTemp\\ipykernel_16772\\2710458332.py:18: FutureWarning: Series.__getitem__ treating keys as positions is deprecated. In a future version, integer keys will always be treated as labels (consistent with DataFrame behavior). To access a value by position, use `ser.iloc[pos]`\n",
      "  if np.abs( df2_corr.iloc[i][j]  ) >= 0.9 :\n"
     ]
    }
   ],
   "source": [
    "# 절대값이 0.5 이상인 상관 계수 추출하기 \n",
    "df2 = pd.read_excel('./data/ict_수정.xlsx')\n",
    "\n",
    "df2 = df2.set_index('학과별(1)').T\n",
    "\n",
    "df2_corr = df2.corr()\n",
    "print(df2_corr)\n",
    "index_size = len(df2_corr.index) # 행의 갯수 16개\n",
    "col_size = len(df2_corr.columns) # 열의 개수 16개\n",
    "\n",
    "corr_list = []\n",
    "df2_corr_column_list = list( df2_corr.columns )\n",
    "print(df2_corr_column_list)\n",
    "print()\n",
    "\n",
    "for i in range(0, index_size):\n",
    "    for j in range( 0, col_size):\n",
    "        if np.abs( df2_corr.iloc[i][j]  ) >= 0.9 :\n",
    "            #print(df2_corr.iloc[i,j] )\n",
    "            corr_list.append( df2_corr_column_list[j])\n",
    "\n",
    "corr_list = set(corr_list)\n",
    "corr_list = list(corr_list)\n",
    "print(corr_list)"
   ]
  },
  {
   "cell_type": "code",
   "execution_count": null,
   "id": "8dc3dc1c-405a-44cc-8a24-6e6457a65079",
   "metadata": {},
   "outputs": [],
   "source": []
  }
 ],
 "metadata": {
  "kernelspec": {
   "display_name": "Python 3 (ipykernel)",
   "language": "python",
   "name": "python3"
  },
  "language_info": {
   "codemirror_mode": {
    "name": "ipython",
    "version": 3
   },
   "file_extension": ".py",
   "mimetype": "text/x-python",
   "name": "python",
   "nbconvert_exporter": "python",
   "pygments_lexer": "ipython3",
   "version": "3.10.16"
  }
 },
 "nbformat": 4,
 "nbformat_minor": 5
}
